15
0.7477965161 0.0366012538 0.3921654678 0.1394556500 0.0605984941 0.1111119269 0.0756660210 0.2002763382 0.2503007250 0.6428404679 0.9679742050 0.1118873467 0.2749922085 0.4326562279 0.8067786917
0.3462524319 0.8379942559 0.2609057715 0.8689124056 0.5990649683 0.3331646578 0.5608839515 0.7083952442 0.1111553985 0.3332977143 0.4420489292 0.9618186946 0.4558076749 0.7260202339 0.2906726442
0.0193203371 0.1236803183 0.4658423989 0.4226885893 0.8017798562 0.1872228617 0.1815294599 0.1668196820 0.2334998935 0.4329239765 0.5547183858 0.3156380497 0.2545188654 0.6124225751 0.4687116189
0.0980302713 0.3778351428 0.8824589642 0.4156371707 0.6986110486 0.8642050112 0.0788379135 0.5456728783 0.8779487079 0.5608094261 0.2010213164 0.0437901637 0.4320366343 0.3299678156 0.3716629255
0.2274803425 0.0702645417 0.7802094002 0.5793433952 0.8731842475 0.7882142415 0.7043958048 0.7129590795 0.7996543193 0.9649245877 0.2282215610 0.7526628544 0.6632354774 0.2238405568 0.1773012473
0.4949516602 0.2530591043 0.5624822136 0.5821857717 0.8584392087 0.3134026022 0.3779389368 0.5580324140 0.6420493364 0.0659741888 0.7936150314 0.0192864279 0.5888091927 0.1566411197 0.1272232061
0.8196144400 0.7461180706 0.7091266823 0.4308422832 0.9434632197 0.4073120824 0.5324595390 0.7809265185 0.3179998564 0.3695407111 0.2994666655 0.3994732468 0.6628220850 0.8494163522 0.6903589134
0.7471270393 0.5497106102 0.1605934150 0.0784662145 0.4448177827 0.5058280849 0.1763787273 0.3244368761 0.2526012602 0.5611519633 0.6756703392 0.6407238051 0.3626904287 0.1145612184 0.9019672052
0.2899375771 0.9482365630 0.3728804387 0.0528875919 0.0886549928 0.2502390817 0.9033164239 0.9615789213 0.3025285246 0.4820339251 0.0321064348 0.9315979334 0.5390508629 0.4841297409 0.9208291651
0.5432843494 0.6710858694 0.3717324505 0.1567128797 0.2623473161 0.6572853905 0.3831183578 0.6044076306 0.8503290026 0.3647691869 0.7590864626 0.0840714333 0.9018045653 0.1449529015 0.7620412617
0.1642530742 0.3146239545 0.9651669772 0.8778269537 0.9879371384 0.1371954182 0.3567170631 0.8342552273 0.5862492719 0.0307563538 0.3042944052 0.3173380914 0.5767030968 0.5347724091 0.4721525131
0.1695584220 0.4915024801 0.4300511244 0.8392241228 0.4140805397 0.2362960339 0.7568513182 0.8983603569 0.6646237842 0.3409132073 0.4642153462 0.0641318199 0.3527924934 0.7309945146 0.2419460970
0.8291389902 0.7329755861 0.7230609090 0.8180963059 0.5105374746 0.8094998074 0.8254504864 0.8925329211 0.1364910813 0.1715408288 0.7136829380 0.9210844981 0.1365236885 0.2183664529 0.4411958917
0.1649750667 0.0202485968 0.4108067673 0.5450289886 0.7766930945 0.1557122769 0.9944165994 0.2109153299 0.2061396125 0.0915963836 0.1056152512 0.0733722395 0.8798447361 0.6067805993 0.2941595039
0.5437659970 0.9312372521 0.8162761984 0.2736259034 0.7829585601 0.7413971905 0.2142982830 0.1461484828 0.5650263833 0.1874166008 0.4932519881 0.4384787835 0.3146749046 0.7894390779 0.3416665056
0.0335051263 0.5433547249 0.3976440340 0.1946179772 0.4846880738 0.7577182335 0.6668866782 0.0869402431 0.2604402913 0.6689386534 0.3294004791 0.3425305970 0.1812979956 0.1925460381 0.1949135088
